  Year,  Ekman (Sv),  Geos (Sv),  MOC (Sv),  MOC (PW)
   2.0020417e+03,  -6.4957151e+00,   1.4463381e+01,   7.9676929e+00,   1.8344110e-01
   2.0021250e+03,  -6.5877733e+00,   1.7344729e+01,   1.0756770e+01,   3.5078931e-01
   2.0022083e+03,  -3.6612229e+00,   1.8767125e+01,   1.5105867e+01,   5.6455523e-01
   2.0022917e+03,  -3.5964499e+00,   1.6235614e+01,   1.2639230e+01,   4.6204883e-01
   2.0023750e+03,  -2.7942836e+00,   1.4489920e+01,   1.1695581e+01,   4.2053744e-01
   2.0024583e+03,  -2.3220854e+00,   1.2345043e+01,   1.0022928e+01,   3.0769092e-01
   2.0025417e+03,  -1.1606089e+00,   1.2684659e+01,   1.1524015e+01,   3.8339266e-01
   2.0026250e+03,  -9.5921755e-01,   1.1904081e+01,   1.0944950e+01,   3.2212979e-01
   2.0027083e+03,  -1.4646310e+00,   1.1804107e+01,   1.0339528e+01,   3.3147505e-01
   2.0027917e+03,  -4.1824121e+00,   1.3677556e+01,   9.4950743e+00,   2.8970635e-01
   2.0028750e+03,  -6.2860999e+00,   1.6027533e+01,   9.7415390e+00,   3.1883851e-01
   2.0029583e+03,  -7.3537889e+00,   1.5280608e+01,   7.9268079e+00,   2.7099738e-01
   2.0030417e+03,  -7.1926346e+00,   1.6354269e+01,   9.1616316e+00,   2.4925601e-01
   2.0031250e+03,  -5.7490177e+00,   1.6856883e+01,   1.1107742e+01,   3.6471090e-01
   2.0032083e+03,  -4.3986192e+00,   1.8472019e+01,   1.4073463e+01,   5.1228225e-01
   2.0032917e+03,  -2.2808199e+00,   1.6257869e+01,   1.3977093e+01,   5.2191746e-01
   2.0033750e+03,  -2.1776829e+00,   1.4328674e+01,   1.2151008e+01,   5.2879959e-01
   2.0034583e+03,  -2.0121779e+00,   1.4271693e+01,   1.2259429e+01,   5.4745209e-01
   2.0035417e+03,  -1.9309344e+00,   1.5165133e+01,   1.3234132e+01,   5.9992105e-01
   2.0036250e+03,  -9.8697096e-01,   1.4612639e+01,   1.3625626e+01,   6.8478209e-01
   2.0037083e+03,  -4.2306969e-01,   1.3134953e+01,   1.2711821e+01,   6.6089022e-01
   2.0037917e+03,  -1.3529570e+00,   1.4203711e+01,   1.2850825e+01,   6.0130936e-01
   2.0038750e+03,  -2.1537216e+00,   1.3697459e+01,   1.1543822e+01,   4.1588464e-01
   2.0039583e+03,  -4.8777466e+00,   1.4776078e+01,   9.8982582e+00,   3.0446365e-01
   2.0040417e+03,  -4.8212209e+00,   1.6566071e+01,   1.1744987e+01,   3.0284056e-01
   2.0041250e+03,  -5.0024710e+00,   1.9238856e+01,   1.4236217e+01,   4.4889495e-01
   2.0042083e+03,  -2.8689704e+00,   1.9429806e+01,   1.6560919e+01,   6.1431885e-01
   2.0042917e+03,  -1.8224671e+00,   1.7264287e+01,   1.5441645e+01,   5.5480242e-01
   2.0043750e+03,  -1.3993162e+00,   1.6661466e+01,   1.5262183e+01,   5.9744608e-01
   2.0044583e+03,  -1.1617738e+00,   1.4691001e+01,   1.3529216e+01,   4.7209260e-01
   2.0045417e+03,  -1.6298074e+00,   1.5110296e+01,   1.3480390e+01,   4.8229799e-01
   2.0046250e+03,  -1.2145205e+00,   1.5346833e+01,   1.4132350e+01,   5.7405514e-01
   2.0047083e+03,  -6.0946566e-01,   1.5366500e+01,   1.4757151e+01,   7.0769358e-01
   2.0047917e+03,   1.3338225e-01,   1.5806621e+01,   1.5940044e+01,   7.8253716e-01
   2.0048750e+03,  -3.1808415e-01,   1.5153774e+01,   1.4835673e+01,   6.2351757e-01
   2.0049583e+03,  -1.1677508e+00,   1.5744378e+01,   1.4576573e+01,   6.1834377e-01
   2.0050417e+03,  -3.6792055e-01,   1.5724851e+01,   1.5357027e+01,   6.3066065e-01
   2.0051250e+03,  -1.1854441e+00,   1.7371898e+01,   1.6186466e+01,   6.6201442e-01
   2.0052083e+03,  -9.3073642e-01,   1.9144643e+01,   1.8213875e+01,   7.0871687e-01
   2.0052917e+03,  -2.0179536e+00,   1.8085638e+01,   1.6067741e+01,   6.3521171e-01
   2.0053750e+03,  -1.0078498e+00,   1.8135230e+01,   1.7127337e+01,   6.8114209e-01
   2.0054583e+03,  -9.5598662e-01,   1.5407691e+01,   1.4451784e+01,   5.3647524e-01
   2.0055417e+03,  -7.7623475e-01,   1.4559431e+01,   1.3783099e+01,   5.0352693e-01
   2.0056250e+03,  -7.0929909e-01,   1.2969575e+01,   1.2260370e+01,   4.5069721e-01
   2.0057083e+03,  -1.8656777e+00,   1.0626367e+01,   8.7607594e+00,   2.3126909e-01
   2.0057917e+03,  -2.0971024e+00,   1.2623875e+01,   1.0526816e+01,   3.0527914e-01
   2.0058750e+03,  -2.3360114e+00,   1.3971004e+01,   1.1635012e+01,   3.9941305e-01
   2.0059583e+03,  -2.5109160e+00,   1.5795728e+01,   1.3284829e+01,   4.7694430e-01
   2.0060417e+03,  -3.8211339e+00,   1.5922949e+01,   1.2101755e+01,   3.7184432e-01
   2.0061250e+03,  -5.2666750e+00,   1.6860150e+01,   1.1593339e+01,   3.5334158e-01
   2.0062083e+03,  -3.6348245e+00,   1.8015355e+01,   1.4380526e+01,   4.9686652e-01
   2.0062917e+03,  -2.4975314e+00,   1.6653561e+01,   1.4156020e+01,   4.3559504e-01
   2.0063750e+03,  -7.1331346e-01,   1.7087065e+01,   1.6373783e+01,   5.4758471e-01
   2.0064583e+03,  -1.4989805e+00,   1.6697451e+01,   1.5198440e+01,   4.7500297e-01
   2.0065417e+03,  -1.0503184e+00,   1.4700231e+01,   1.3649939e+01,   4.5975047e-01
   2.0066250e+03,  -1.7215730e+00,   1.3531476e+01,   1.1809954e+01,   3.9367348e-01
   2.0067083e+03,  -2.0590546e+00,   1.3359578e+01,   1.1300489e+01,   4.2285228e-01
   2.0067917e+03,  -2.6103880e+00,   1.5280410e+01,   1.2669944e+01,   4.2912549e-01
   2.0068750e+03,  -4.1292310e+00,   1.5885144e+01,   1.1755842e+01,   3.9639783e-01
   2.0069583e+03,  -4.6003041e+00,   1.5523833e+01,   1.0923632e+01,   3.5801008e-01
   2.0070417e+03,  -7.1901984e+00,   1.6392056e+01,   9.2019482e+00,   3.1611335e-01
   2.0071250e+03,  -6.0822191e+00,   1.8571349e+01,   1.2489163e+01,   4.6977440e-01
   2.0072083e+03,  -5.1660528e+00,   1.9928324e+01,   1.4762253e+01,   4.5125502e-01
   2.0072917e+03,  -2.7988846e+00,   1.8774832e+01,   1.5976027e+01,   4.2171746e-01
   2.0073750e+03,  -2.1573930e+00,   1.8617448e+01,   1.6460184e+01,   4.4286588e-01
   2.0074583e+03,  -2.2127457e+00,   1.5877675e+01,   1.3665000e+01,   3.5786688e-01
   2.0075417e+03,  -1.5466121e+00,   1.7260312e+01,   1.5713704e+01,   5.9080279e-01
   2.0076250e+03,  -9.6195871e-01,   1.5324389e+01,   1.4362317e+01,   6.2031406e-01
   2.0077083e+03,  -9.7513729e-01,   1.5977402e+01,   1.5002230e+01,   6.7277282e-01
   2.0077917e+03,  -4.5041233e-01,   1.5762979e+01,   1.5312480e+01,   6.7893338e-01
   2.0078750e+03,  -2.1836092e+00,   1.3682506e+01,   1.1498936e+01,   4.4075626e-01
   2.0079583e+03,  -3.2483239e+00,   1.3732422e+01,   1.0483985e+01,   3.1031623e-01
   2.0080417e+03,  -4.9368367e+00,   1.4825145e+01,   9.8884401e+00,   2.8367534e-01
   2.0081250e+03,  -4.0683403e+00,   1.6670265e+01,   1.2601906e+01,   4.5075145e-01
   2.0082083e+03,  -2.7154636e+00,   1.7585896e+01,   1.4870402e+01,   4.9282280e-01
   2.0082917e+03,  -2.1394219e+00,   1.5942390e+01,   1.3802952e+01,   4.4937062e-01
   2.0083750e+03,  -1.6063443e+00,   1.6730278e+01,   1.5123995e+01,   5.3954881e-01
   2.0084583e+03,  -1.6419774e+00,   1.6406617e+01,   1.4764692e+01,   5.4255420e-01
   2.0085417e+03,  -1.4917730e+00,   1.5912960e+01,   1.4421094e+01,   5.1027328e-01
   2.0086250e+03,  -7.1851337e-01,   1.6454675e+01,   1.5736343e+01,   6.5273732e-01
   2.0087083e+03,  -5.7254052e-01,   1.4239838e+01,   1.3667242e+01,   6.0432822e-01
   2.0087917e+03,   5.0659972e-01,   1.4628302e+01,   1.5135013e+01,   7.1132123e-01
   2.0088750e+03,  -1.0633632e+00,   1.2754267e+01,   1.1690804e+01,   5.6217849e-01
   2.0089583e+03,  -3.9216602e+00,   1.3417250e+01,   9.4955463e+00,   4.2286187e-01
   2.0090417e+03,  -6.2063904e+00,   1.4058573e+01,   7.8520937e+00,   2.3010112e-01
   2.0091250e+03,  -4.9735422e+00,   1.5632287e+01,   1.0658711e+01,   3.4949732e-01
   2.0092083e+03,  -2.7802572e+00,   1.6812417e+01,   1.4032327e+01,   5.3027493e-01
   2.0092917e+03,  -1.3435196e+00,   1.5452096e+01,   1.4108690e+01,   5.4031277e-01
   2.0093750e+03,  -1.8793871e+00,   1.5514309e+01,   1.3634957e+01,   5.7478637e-01
   2.0094583e+03,  -1.4842907e+00,   1.5373953e+01,   1.3889653e+01,   6.3392377e-01
   2.0095417e+03,  -1.7347739e+00,   1.5535829e+01,   1.3801082e+01,   5.5606246e-01
   2.0096250e+03,  -1.4699029e+00,   1.4113275e+01,   1.2643464e+01,   5.0146699e-01
   2.0097083e+03,  -2.2727215e+00,   1.0519389e+01,   8.2465534e+00,   2.0590745e-01
   2.0097917e+03,  -3.3309042e+00,   6.9385834e+00,   3.6076243e+00,  -1.6150150e-02
   2.0098750e+03,  -4.6365047e+00,   7.1067885e+00,   2.4702439e+00,  -4.1496899e-02
   2.0099583e+03,  -4.9094958e+00,   9.3879259e+00,   4.4784551e+00,   9.5524907e-02
   2.0100417e+03,  -5.4947796e+00,   1.5062274e+01,   9.5674601e+00,   2.9766646e-01
   2.0101250e+03,  -4.3688684e+00,   1.7113147e+01,   1.2744298e+01,   5.3043437e-01
   2.0102083e+03,  -2.9517653e+00,   1.7857983e+01,   1.4906187e+01,   6.8022084e-01
   2.0102917e+03,  -1.6424202e+00,   1.6680769e+01,   1.5038331e+01,   6.3442677e-01
   2.0103750e+03,  -1.9924135e+00,   1.4955526e+01,   1.2963160e+01,   5.1371890e-01
   2.0104583e+03,  -2.2020688e+00,   1.5100114e+01,   1.2898091e+01,   4.8609206e-01
   2.0105417e+03,  -1.5469942e+00,   1.4261501e+01,   1.2714562e+01,   4.6862334e-01
   2.0106250e+03,  -1.1793503e+00,   1.2256082e+01,   1.1076629e+01,   3.7313628e-01
   2.0107083e+03,  -2.0711277e+00,   1.0308493e+01,   8.2372284e+00,   3.0540600e-01
   2.0107917e+03,  -1.7861135e+00,   1.0525604e+01,   8.7394419e+00,   2.6875770e-01
   2.0108750e+03,  -1.3487986e+00,   1.1405340e+01,   1.0056560e+01,   3.2563165e-01
   2.0109583e+03,  -1.8204017e+00,   1.2095073e+01,   1.0274681e+01,   3.3502650e-01
   2.0110417e+03,  -5.2739558e+00,   1.4815766e+01,   9.5419474e+00,   2.4197121e-01
   2.0111250e+03,  -5.6345205e+00,   1.6587471e+01,   1.0952878e+01,   3.1842351e-01
   2.0112083e+03,  -4.4856329e+00,   1.7218176e+01,   1.2732645e+01,   4.0130082e-01
   2.0112917e+03,  -5.9475452e-01,   1.5604197e+01,   1.5009486e+01,   5.0853056e-01
   2.0113750e+03,  -5.7900995e-01,   1.4044310e+01,   1.3465233e+01,   5.3520447e-01
   2.0114583e+03,  -5.1333469e-01,   1.5625691e+01,   1.5112290e+01,   6.9195789e-01
   2.0115417e+03,  -1.4917320e+00,   1.4064452e+01,   1.2572854e+01,   5.4807436e-01
   2.0116250e+03,  -1.7624168e+00,   1.2766056e+01,   1.1003663e+01,   4.2577755e-01
   2.0117083e+03,  -2.3105559e+00,   1.1887168e+01,   9.5766459e+00,   2.7652857e-01
   2.0117917e+03,  -3.4142239e+00,   1.3452024e+01,   1.0037814e+01,   2.7256104e-01
   2.0118750e+03,  -3.5425961e+00,   1.5214079e+01,   1.1671455e+01,   3.9728850e-01
   2.0119583e+03,  -3.4672985e+00,   1.5609546e+01,   1.2142270e+01,   4.7690028e-01
   2.0120417e+03,  -2.7918215e+00,   1.6545411e+01,   1.3753552e+01,   6.0342842e-01
   2.0121250e+03,  -3.3643153e+00,   1.7019016e+01,   1.3654785e+01,   5.6858337e-01
   2.0122083e+03,  -2.8088765e+00,   1.6461960e+01,   1.3653100e+01,   5.8218658e-01
   2.0122917e+03,  -2.0476737e+00,   1.4716169e+01,   1.2668377e+01,   5.0087053e-01
   2.0123750e+03,  -1.3209920e+00,   1.2813389e+01,   1.1492258e+01,   4.2160901e-01
   2.0124583e+03,  -1.3410316e+00,   1.2784484e+01,   1.1443452e+01,   4.0111828e-01
   2.0125417e+03,  -1.5611033e+00,   1.2214233e+01,   1.0653071e+01,   3.4374127e-01
   2.0126250e+03,  -5.3674972e-01,   1.1038033e+01,   1.0501299e+01,   3.5779950e-01
   2.0127083e+03,  -4.6982595e-01,   1.0896083e+01,   1.0426316e+01,   3.9499494e-01
   2.0127917e+03,  -3.8397858e-01,   1.2897510e+01,   1.2513547e+01,   5.4572338e-01
   2.0128750e+03,  -2.5534077e+00,   1.3920790e+01,   1.1367439e+01,   5.2371544e-01
   2.0129583e+03,  -4.6827846e+00,   1.3215053e+01,   8.5322704e+00,   3.0120841e-01
   2.0130417e+03,  -6.1404333e+00,   1.2825597e+01,   6.6850834e+00,   1.3102362e-01
   2.0131250e+03,  -5.0842080e+00,   1.4649819e+01,   9.5655079e+00,   2.7739906e-01
   2.0132083e+03,  -3.0332088e+00,   1.6437798e+01,   1.3404666e+01,   5.0857621e-01
   2.0132917e+03,  -1.0419112e+00,   1.6565964e+01,   1.5523929e+01,   5.4265517e-01
   2.0133750e+03,  -1.0126359e+00,   1.5969944e+01,   1.4957202e+01,   5.2333051e-01
   2.0134583e+03,  -9.0039498e-01,   1.5196147e+01,   1.4295745e+01,   5.3153872e-01
   2.0135417e+03,  -1.3257419e+00,   1.3483836e+01,   1.2158126e+01,   4.3995336e-01
   2.0136250e+03,  -1.0260410e+00,   1.2057589e+01,   1.1031496e+01,   3.7393355e-01
   2.0137083e+03,  -2.2036662e+00,   1.0626166e+01,   8.4224224e+00,   1.6770492e-01
   2.0137917e+03,  -2.4770708e+00,   1.1992654e+01,   9.5155573e+00,   2.3378581e-01
   2.0138750e+03,  -4.5343881e+00,   1.3276971e+01,   8.7425680e+00,   2.1120146e-01
   2.0139583e+03,  -6.1954494e+00,   1.3855623e+01,   7.6601863e+00,   1.7879412e-01
   2.0140417e+03,  -8.7930908e+00,   1.4075592e+01,   5.2824278e+00,   5.5304684e-02
   2.0141250e+03,  -7.5418253e+00,   1.4405725e+01,   6.8638234e+00,   1.3331901e-01
   2.0142083e+03,  -4.9698615e+00,   1.5586912e+01,   1.0617106e+01,   3.5673514e-01
   2.0142917e+03,  -2.3160081e+00,   1.5699146e+01,   1.3383217e+01,   5.0220996e-01
   2.0143750e+03,  -1.8165686e+00,   1.5461185e+01,   1.3644499e+01,   6.1430222e-01
   2.0144583e+03,  -1.4830472e+00,   1.5637830e+01,   1.4154620e+01,   5.0577962e-01
   2.0145417e+03,  -1.5062870e+00,   1.3312682e+01,   1.1806381e+01,   3.8818881e-01
   2.0146250e+03,  -9.9698156e-01,   1.1147256e+01,   1.0150196e+01,   3.2311791e-01
   2.0147083e+03,  -1.6348302e+00,   1.0525472e+01,   8.8906441e+00,   2.6433706e-01
   2.0147917e+03,  -3.1459687e+00,   1.4927798e+01,   1.1781805e+01,   4.4551238e-01
   2.0148750e+03,  -2.7297246e+00,   1.2461039e+01,   9.7314119e+00,   4.1269749e-01
   2.0149583e+03,  -3.3698103e+00,   1.1483319e+01,   8.1134501e+00,   3.0931583e-01
   2.0150417e+03,  -2.5306289e+00,   6.1558200e+00,   3.6251774e+00,   6.3203126e-02
   2.0151250e+03,  -4.3323412e+00,   1.1574729e+01,   7.2424498e+00,   1.9424653e-01
   2.0152083e+03,  -3.9865823e+00,   1.4313478e+01,   1.0326950e+01,   2.9350358e-01
   2.0152917e+03,  -3.1752830e+00,   1.6124092e+01,   1.2948827e+01,   3.6656043e-01
   2.0153750e+03,  -2.0372205e+00,   1.5006581e+01,   1.2969218e+01,   3.8525212e-01
   2.0154583e+03,  -1.5681047e+00,   1.3775792e+01,   1.2207747e+01,   4.6451735e-01
   2.0155417e+03,  -1.5193996e+00,   1.4289324e+01,   1.2769867e+01,   5.6695342e-01
   2.0156250e+03,  -1.5105681e+00,   9.3309318e+00,   7.8203859e+00,   3.5569227e-01
   2.0157083e+03,  -1.3462120e+00,   8.5211249e+00,   7.1749110e+00,   4.0294203e-01
   2.0157917e+03,  -1.8747505e+00,   9.4772222e+00,   7.6024733e+00,   3.2817847e-01
   2.0158750e+03,  -4.3075533e+00,   1.3012255e+01,   8.7047043e+00,   2.5965038e-01
   2.0159583e+03,  -5.9613538e+00,   1.4066447e+01,   8.1050997e+00,   2.5129700e-01
   2.0160417e+03,  -6.7352624e+00,   1.7062312e+01,   1.0327004e+01,   4.3824100e-01
   2.0161250e+03,  -5.2216134e+00,   1.7640234e+01,   1.2418770e+01,   5.5060190e-01
   2.0162083e+03,  -3.5841844e+00,   1.7303985e+01,   1.3719850e+01,   5.5531245e-01
   2.0162917e+03,  -3.0980871e+00,   1.5224674e+01,   1.2126587e+01,   4.6605495e-01
   2.0163750e+03,  -2.4830122e+00,   1.5567622e+01,   1.3084639e+01,   5.9941316e-01
   2.0164583e+03,  -2.3552754e+00,   1.5987625e+01,   1.3632414e+01,   5.6113321e-01
   2.0165417e+03,  -1.5742719e+00,   1.3850668e+01,   1.2276385e+01,   5.5423117e-01
   2.0166250e+03,  -1.5123180e+00,   8.8445984e+00,   7.3322239e+00,   3.0775455e-01
   2.0167083e+03,  -1.1113513e+00,   7.1016027e+00,   5.9902101e+00,   2.4171807e-01
   2.0167917e+03,  -9.1575247e-01,   8.8918078e+00,   7.9760375e+00,   4.2604131e-01
   2.0168750e+03,  -2.2362239e+00,   1.0369377e+01,   8.1332026e+00,   4.5059738e-01
   2.0169583e+03,  -3.2544229e+00,   1.2866152e+01,   9.6116648e+00,   4.5375350e-01
   2.0170417e+03,  -5.5353909e+00,   1.5339553e+01,   9.8041544e+00,   4.2677802e-01
   2.0171250e+03,  -5.8926983e+00,   1.9092770e+01,   1.3200070e+01,   5.0634873e-01
   2.0172083e+03,  -4.7223673e+00,   1.9792819e+01,   1.5070656e+01,   5.3012139e-01
   2.0172917e+03,  -3.4293079e+00,   1.6001803e+01,   1.2572559e+01,   4.6920210e-01
   2.0173750e+03,  -1.9648722e+00,   1.6006306e+01,   1.4041323e+01,   6.1331540e-01
   2.0174583e+03,  -2.6614597e+00,   1.3057133e+01,   1.0395813e+01,   4.1425040e-01
   2.0175417e+03,  -1.8046552e+00,   1.3679922e+01,   1.1875157e+01,   4.2529410e-01
   2.0176250e+03,  -1.4523779e+00,   1.1062300e+01,   9.6098919e+00,   3.0090976e-01
   2.0177083e+03,  -1.6799130e+00,   1.2955991e+01,   1.1276039e+01,   5.3801984e-01
   2.0177917e+03,  -1.5072808e+00,   1.3239167e+01,   1.1731834e+01,   5.1811910e-01
   2.0178750e+03,  -2.5431540e+00,   1.3052789e+01,   1.0509669e+01,   4.6435213e-01
   2.0179583e+03,  -3.6022801e+00,   1.2853695e+01,   9.2513885e+00,   4.3743372e-01
   2.0180417e+03,  -4.7252293e+00,   1.4739942e+01,   1.0014632e+01,   4.4647232e-01
   2.0181250e+03,  -4.4478507e+00,   1.6742141e+01,   1.2294122e+01,   5.0875872e-01
   2.0182083e+03,  -4.5298333e+00,   1.7024879e+01,   1.2494916e+01,   5.2304757e-01
   2.0182917e+03,  -3.9066238e+00,   1.5394795e+01,   1.1488014e+01,   4.1815695e-01
   2.0183750e+03,  -3.2202029e+00,   1.5439019e+01,   1.2218734e+01,   5.0949800e-01
   2.0184583e+03,  -1.5984175e+00,   1.2776241e+01,   1.1177888e+01,   4.1443428e-01
   2.0185417e+03,  -1.1633068e+00,   1.3944889e+01,   1.2781546e+01,   5.2554452e-01
   2.0186250e+03,  -1.7443898e-01,   1.2959327e+01,   1.2784863e+01,   6.4844233e-01
   2.0187083e+03,  -3.2014543e-01,   1.2485097e+01,   1.2164972e+01,   6.4799780e-01
   2.0187917e+03,  -3.2177584e+00,   1.2623478e+01,   9.4057837e+00,   5.1980352e-01
   2.0188750e+03,  -5.8584490e+00,   1.3128149e+01,   7.2698112e+00,   4.0262917e-01
   2.0189583e+03,  -5.9787107e+00,   1.4782647e+01,   8.8039856e+00,   4.7709221e-01
   2.0190417e+03,  -6.0414839e+00,   1.5533867e+01,   9.4924135e+00,   4.3447593e-01
   2.0191250e+03,  -4.5112219e+00,   1.6737590e+01,   1.2226324e+01,   4.7906172e-01
   2.0192083e+03,  -5.4881535e+00,   1.6982876e+01,   1.1494676e+01,   3.8589260e-01
   2.0192917e+03,  -3.3442788e+00,   1.5609265e+01,   1.2265007e+01,   4.2271551e-01
   2.0193750e+03,  -3.1807323e+00,   1.4149444e+01,   1.0968657e+01,   3.7321413e-01
   2.0194583e+03,  -2.2615433e+00,   1.5264726e+01,   1.3003209e+01,   4.8889077e-01
   2.0195417e+03,  -1.5804905e+00,   1.5997415e+01,   1.4416698e+01,   6.2040049e-01
   2.0196250e+03,  -1.2786528e+00,   1.5746615e+01,   1.4467971e+01,   6.3816988e-01
   2.0197083e+03,  -9.7723770e-01,   1.3093114e+01,   1.2115841e+01,   5.1370656e-01
   2.0197917e+03,  -2.3460658e+00,   1.3818923e+01,   1.1472909e+01,   4.2156929e-01
   2.0198750e+03,  -4.8683190e+00,   1.3271142e+01,   8.4027901e+00,   2.5894707e-01
   2.0199583e+03,  -6.1116648e+00,   1.4159572e+01,   8.0476446e+00,   3.2411581e-01
   2.0200417e+03,  -6.3301702e+00,   1.5452665e+01,   9.1224737e+00,   3.5769764e-01
   2.0201250e+03,  -4.4177542e+00,   1.6796480e+01,   1.2378546e+01,   5.4516613e-01
   2.0202083e+03,  -3.4304569e+00,   1.6619631e+01,   1.3189175e+01,   5.9638572e-01
   2.0202917e+03,  -2.6886003e+00,   1.7328490e+01,   1.4639966e+01,   6.0989827e-01
   2.0203750e+03,  -2.1437109e+00,   1.8392533e+01,   1.6248774e+01,   6.8365574e-01
   2.0204583e+03,  -1.8249683e+00,   1.4090943e+01,   1.2265989e+01,   4.7450852e-01
   2.0205417e+03,  -1.1624675e+00,   1.2520746e+01,   1.1358428e+01,   4.5118687e-01
   2.0206250e+03,  -6.0376102e-01,   1.0016705e+01,   9.4129639e+00,   3.6729121e-01
   2.0207083e+03,  -7.7351046e-01,   1.1632830e+01,   1.0859434e+01,   4.4415370e-01
   2.0207917e+03,  -9.9404091e-01,   1.2764238e+01,   1.1770216e+01,   4.5301625e-01
   2.0208750e+03,  -2.8639069e+00,   1.5044123e+01,   1.2180323e+01,   5.6445134e-01
   2.0209583e+03,  -3.6584797e+00,   1.4527434e+01,   1.0868804e+01,   5.0666791e-01
   2.0210417e+03,  -6.6011686e+00,   1.4110422e+01,   7.5092854e+00,   2.0103239e-01
   2.0211250e+03,  -6.2894788e+00,   1.4433161e+01,   8.1436968e+00,   2.2810692e-01
   2.0212083e+03,  -5.2118869e+00,   1.6923433e+01,   1.1711505e+01,   3.7093323e-01
   2.0212917e+03,  -2.5993547e+00,   1.6733667e+01,   1.4134258e+01,   5.5675876e-01
   2.0213750e+03,  -1.8384602e+00,   1.6543203e+01,   1.4704827e+01,   5.8376551e-01
   2.0214583e+03,  -2.3165381e+00,   1.5424407e+01,   1.3107894e+01,   5.1424128e-01
   2.0215417e+03,  -1.7464979e+00,   1.3877313e+01,   1.2130845e+01,   5.0821275e-01
   2.0216250e+03,  -1.4536867e+00,   1.2095403e+01,   1.0641816e+01,   4.3677938e-01
   2.0217083e+03,  -1.6540800e+00,   1.0125623e+01,   8.4714251e+00,   3.1752533e-01
   2.0217917e+03,  -8.9537674e-01,   9.7006008e+00,   8.8053322e+00,   3.7840715e-01
   2.0218750e+03,  -3.0243418e+00,   1.1976317e+01,   8.9518700e+00,   3.6884961e-01
   2.0219583e+03,  -2.6341214e+00,   1.2281590e+01,   9.6474857e+00,   4.5012149e-01
   2.0220417e+03,  -4.0651798e+00,   1.8100105e+01,   1.4034980e+01,   6.2121493e-01
   2.0221250e+03,  -3.8320069e+00,   1.8525775e+01,   1.4694095e+01,   6.9247115e-01
   2.0222083e+03,  -4.4623094e+00,   1.9302600e+01,   1.4840288e+01,   6.1410517e-01
   2.0222917e+03,  -3.6038923e+00,   1.5428574e+01,   1.1824630e+01,   5.4408002e-01
   2.0223750e+03,  -1.9186350e+00,   1.5022900e+01,   1.3104218e+01,   7.0112979e-01
   2.0224583e+03,  -1.1389986e+00,   1.5359937e+01,   1.4220915e+01,   6.9748765e-01
   2.0225417e+03,  -9.7278154e-01,   1.6402157e+01,   1.5429299e+01,   7.4384648e-01
   2.0226250e+03,  -1.1206276e+00,   1.4783629e+01,   1.3663096e+01,   6.2715650e-01
   2.0227083e+03,  -1.3184121e+00,   1.2977894e+01,   1.1659611e+01,   4.2157978e-01
   2.0227917e+03,  -3.7068889e+00,   1.3759928e+01,   1.0053100e+01,   2.6864496e-01
   2.0228750e+03,  -4.2464333e+00,   1.2633511e+01,   8.3870983e+00,   1.7982726e-01
   2.0229583e+03,  -4.9600248e+00,   1.4885573e+01,   9.9255981e+00,   3.4434766e-01
   2.0230417e+03,  -3.7513895e+00,   1.5279829e+01,   1.1528438e+01,   4.9326465e-01
   2.0231250e+03,  -5.2013993e+00,   1.6399545e+01,   1.1198168e+01,   5.1488012e-01
   2.0232083e+03,  -5.3441849e+00,   1.6654246e+01,   1.1310223e+01,   5.1207930e-01
   2.0232917e+03,  -4.3831296e+00,   1.6991746e+01,   1.2608638e+01,   5.2176553e-01
   2.0233750e+03,  -2.1573739e+00,   1.9251767e+01,   1.7094324e+01,   7.4253863e-01
   2.0234583e+03,  -1.0363081e+00,   1.8872363e+01,   1.7836130e+01,   8.6115599e-01
   2.0235417e+03,  -1.0597178e+00,   1.8176482e+01,   1.7116690e+01,   7.1492630e-01
   2.0236250e+03,  -1.0095385e+00,   1.7261251e+01,   1.6251762e+01,   7.2450083e-01
   2.0237083e+03,  -1.9073603e+00,   1.7532863e+01,   1.5625636e+01,   6.9858932e-01
   2.0237917e+03,  -2.6053586e+00,   1.8760435e+01,   1.6155022e+01,   7.4082708e-01
   2.0238750e+03,  -3.5307040e+00,   1.8804261e+01,   1.5273710e+01,   6.6489100e-01
   2.0239583e+03,  -3.8387315e+00,   1.8050598e+01,   1.4211982e+01,   5.2543288e-01
   2.0240417e+03,  -4.4476490e+00,   2.0866708e+01,   1.6419146e+01,   6.0016370e-01
   2.0241250e+03,  -4.9870505e+00,   2.1692000e+01,   1.6704916e+01,   7.1786082e-01
   2.0242083e+03,  -3.9803934e+00,   2.3959247e+01,   1.9978750e+01,   9.1187954e-01
   2.0242917e+03,  -2.6921463e+00,   2.1516514e+01,   1.8824451e+01,   9.0863037e-01
   2.0243750e+03,  -1.1687665e+00,   1.9670036e+01,   1.8501387e+01,   9.4310826e-01
   2.0244583e+03,  -1.2322555e+00,   1.8506565e+01,   1.7274366e+01,   8.8890898e-01
   2.0245417e+03,  -1.5168370e+00,   1.6943050e+01,   1.5426135e+01,   7.1660346e-01
   2.0246250e+03,  -1.0114630e+00,   1.4059405e+01,   1.3047849e+01,   5.5037749e-01
   2.0247083e+03,  -1.3737656e+00,   1.3736865e+01,   1.2363110e+01,   5.5673194e-01
   2.0247917e+03,  -1.9541793e+00,   1.4660624e+01,   1.2706447e+01,   5.2115697e-01
   2.0248750e+03,  -2.3687217e+00,   1.7635291e+01,   1.5266642e+01,   7.0708424e-01
   2.0249583e+03,  -4.2824807e+00,   1.9707153e+01,   1.5424680e+01,   6.8708205e-01
   2.0250417e+03,  -6.5216637e+00,   2.0546036e+01,   1.4024304e+01,   5.2466571e-01
   2.0251250e+03,  -7.6661844e+00,   2.1453524e+01,   1.3787156e+01,   5.5752325e-01
   2.0252083e+03,  -6.2932100e+00,   1.9294352e+01,   1.3001332e+01,   5.4917383e-01
   2.0252917e+03,  -3.5007863e+00,   1.7574632e+01,   1.4073908e+01,   5.5144376e-01
   2.0253750e+03,  -2.6098177e+00,   1.5750287e+01,   1.3140488e+01,   4.5043790e-01
   2.0254583e+03,  -1.4131020e+00,   1.5645191e+01,   1.4232089e+01,   4.7875464e-01
   2.0255417e+03,  -9.6832305e-01,   1.6465202e+01,   1.5496949e+01,   6.1143368e-01
   2.0256250e+03,  -1.0652572e+00,   1.4957499e+01,   1.3892359e+01,   6.1431080e-01
   2.0257083e+03,  -9.6173298e-01,   1.5788354e+01,   1.4826668e+01,   7.6083845e-01
   2.0257917e+03,  -3.0517814e+00,   1.6396720e+01,   1.3344936e+01,   5.2046520e-01
   2.0258750e+03,  -4.6362638e+00,   1.4939865e+01,   1.0303581e+01,   2.1120650e-01
   2.0259583e+03,  -6.7636857e+00,   1.2265394e+01,   5.5017147e+00,   7.7416785e-03
